bnumber,heat_shock,IPTG,anaerobic,NaCL,log_phase
B0001,1.100013,0.0,0.0,0.0,0.0
B0002,-0.770595,-0.086413,-2.56844,0.548122,-3.668384
B0003,-2.952614,0.0,-2.300055,0.571622,-2.83547
B0004,-0.770675,-0.468995,-2.635671,0.07682700000000001,-3.266078
B0006,-1.415956,0.792528,-0.431367,0.408657,-1.801588
B0008,-1.533076,0.091894,-0.72745,-0.292091,-0.34618
B0009,1.204515,-0.358445,-0.164691,-0.351165,0.0
B0010,0.0,0.023835,0.499822,0.8601529999999999,0.0
B0014,5.129847,-0.559932,2.606928,2.072777,4.997448
B0015,5.405358,0.0,1.929868,2.130967,3.40971
B0016,4.326661,0.192886,0.447533,0.16414,1.108491
B0017,3.846044,0.149493,0.0,0.423931,-0.637643
B0019,1.757712,0.0,-0.368462,0.851248,0.0
B0021,-0.426713,0.005736,-0.430214,-0.9312319999999999,-2.392854
B0022,-0.287341,-0.188098,0.305325,-0.369624,0.0
B0023,-0.450275,0.295109,0.370837,0.118063,-2.322335
B0025,-0.518608,-0.598259,0.52288,0.402897,-1.644496
B0026,-0.616791,-0.051505,0.247432,-0.212764,-3.331244
B0027,-2.99673,-0.243726,-0.174303,0.801071,-1.579009
B0028,-2.984093,0.0,0.364342,0.36451,-0.556723
B0030,-0.387778,-0.644868,0.0,-1.178755,2.119131
B0031,-2.146383,0.044989,-0.91239,-0.5853080000000001,-3.7328
B0032,0.0,0.544527,-0.885816,-4.878253,-3.28554
B0033,-0.90889,0.181924,-1.362278,-3.788922,-3.910532
B0038,0.0,0.0,0.0,-0.988493,0.0
B0049,-0.955206,-0.016275,-0.228112,-0.629754,0.0
B0050,-0.988655,-0.490232,0.164034,-0.659228,-1.264866
B0051,-2.535946,-0.133141,-0.481238,-0.46731,-2.960819
B0052,-1.788859,-0.403182,-0.454746,-0.611589,-1.517213
B0053,-2.313077,-0.120022,-0.497506,0.05716,-1.279658
B0054,-2.066308,-0.003357,-0.050592,-0.224925,-2.95281
B0056,0.797239,0.0,0.306139,-0.052063,0.0
B0059,1.417812,-0.102931,0.253879,-0.564615,-0.687967
B0060,-1.214322,-0.373977,0.662025,-0.776762,0.0
B0063,-1.796974,-0.400935,0.126311,0.184036,1.843271
B0064,0.0,-0.664959,0.272893,-0.314855,0.0
B0066,0.0,-0.970453,-0.777315,1.020954,0.0
B0068,-2.64557,0.060436,-2.13464,-0.025354,-1.078676
B0069,0.0,0.0,0.896164,2.490683,0.0
B0070,-0.954515,1.077809,-0.618166,1.237196,0.0
B0071,-1.953702,0.0,-1.582716,0.356655,1.632416
B0072,-1.545853,0.407883,-1.592881,0.172309,1.990748
B0073,-1.070186,0.0,-1.443866,0.555747,1.376104
B0074,-2.123301,0.0,-1.722682,0.337847,1.694045
B0078,-2.354446,0.0,-1.164002,0.252135,-2.319613
B0080,-0.565297,-0.326896,-0.147498,-0.039395,1.685302
B0081,-0.318874,-0.325003,0.032314,1.587843,-1.33356
B0082,-1.375736,0.01441,-0.448591,1.469876,0.125659
B0083,-0.27796,-0.129576,0.236737,1.518428,0.316864
B0084,0.08921800000000001,-0.121708,-0.208089,1.244726,0.375958
B0085,0.055943,-0.339967,0.144159,0.905303,-0.844783
B0086,-3.296207,-0.198206,-0.357176,0.667405,-0.915613
B0088,-2.311123,-0.281463,-0.353015,0.743381,-1.647601
B0090,-2.281134,-0.091589,-0.21958,0.842911,-2.266482
B0091,-2.39676,0.0,0.216149,-0.10281,-1.635142
B0092,-3.263952,-0.043851,-0.026788,0.827948,-2.135949
B0093,0.191169,-0.27517,0.158357,0.922343,-1.07222
B0094,-0.459278,0.011002,-0.245203,1.436041,0.236359
B0095,-0.360191,-0.083539,-0.219034,0.449048,-0.328679
B0096,-0.138049,-0.118167,-0.198969,1.798412,-0.119164
B0097,-1.198096,-0.324531,0.432307,1.201916,-1.579009
B0098,-4.41313,-0.249761,-0.006133,0.986838,-0.67467
B0099,1.073202,0.0,-0.271797,1.325673,-0.667314
B0102,-0.948933,-0.110545,0.040628,-0.345553,-0.660367
B0103,-1.49776,-0.107181,-0.012008,-0.275235,0.0
B0104,-1.066777,0.280825,-0.994543,-2.783689,-1.205662
B0106,2.106831,-1.040614,0.0,0.26574,0.0
B0109,-0.5533670000000001,0.133493,-0.071773,-1.00771,-1.268097
B0110,-2.137281,-0.152948,-0.212702,-0.884338,0.921949
B0111,-0.987981,-0.368077,-0.39858,0.396518,0.662915
B0112,-1.294165,-0.045116,-0.296665,0.928159,-1.364322
B0113,0.163498,0.184665,-1.047145,2.851577,-1.646887
B0114,-1.102765,-0.5207310000000001,-1.605933,1.164561,-2.275535
B0115,-0.699578,-1.142442,-1.286196,1.030737,-3.004696
B0116,-1.158691,0.526517,-2.323818,0.146976,-0.782667
B0118,-4.848915,0.6231680000000001,-3.610795,0.50918,-0.254232
B0119,-0.623147,-0.048456,-0.267643,0.114934,1.210114
B0120,-2.310584,0.309529,-0.5936399999999999,0.111284,-2.869107
B0121,-1.263031,0.675837,-0.140954,0.818801,-2.809648
B0122,-1.371107,0.201327,-0.559985,-1.374416,0.0
B0123,-1.904247,0.0,-2.906939,0.716432,-1.062018
B0124,-0.913162,0.239116,-2.634057,0.634082,-1.999727
B0125,-3.170824,0.284411,0.08466600000000001,-0.555934,-1.511771
B0126,-0.581199,0.593633,-2.132117,-0.59982,-3.320975
B0127,-3.264789,0.140116,0.049469,0.518443,-0.8509060000000001
B0128,-2.075086,-0.22228,-0.142091,0.350215,0.0
B0129,0.0,0.0,0.0,1.504957,2.037458
B0131,-5.091791,-0.268271,-0.702146,-1.656043,-2.077313
B0132,-1.325887,0.384824,0.145503,-0.278478,0.0
B0133,-3.605979,0.173206,-0.332573,-0.040518,-1.500602
B0134,-2.750558,0.143573,0.056327,-0.746458,-3.243685
B0142,-0.118902,0.087324,-0.113276,0.187948,0.0
B0143,-3.772393,0.105224,0.081092,-0.829057,-2.571837
B0145,2.140532,0.0,-0.003162,0.0,1.090694
B0146,-1.353262,-0.008137,-0.168726,1.038546,2.912949
B0149,-0.04957,0.089854,-0.179197,0.75179,-0.467246
B0150,0.0,0.0,0.0,1.025859,-2.231323
B0153,1.313048,0.07338699999999999,-0.087821,0.613383,-1.506309
B0154,-0.6048249999999999,-0.29801,0.14868,-0.637219,-0.8289069999999999
B0155,-1.238925,0.0,0.193286,0.335979,0.0
B0156,0.178037,0.063388,-0.71662,0.405287,0.0
B0158,0.0,0.011513,-0.225037,-0.291133,0.0
B0160,1.04501,0.581456,0.300928,0.283619,0.0
B0161,-2.042628,-0.422497,-0.159585,1.219516,-0.6819229999999999
B0162,1.54441,-0.10272,0.0,-0.826471,0.0
B0163,0.0,-0.177241,0.0,-0.312914,2.062226
B0166,-1.991357,0.0,-0.28867,-0.431327,-2.725044
B0167,-2.280859,-0.003988,-0.156475,-0.517099,-2.276143
B0168,-1.42249,0.339754,-0.248601,-0.505816,-2.665171
B0169,0.859895,-0.393768,0.242545,-1.508147,-3.718994
B0170,1.036935,-0.546902,-0.190104,-1.743427,-2.950298
B0171,0.171859,0.380073,-0.503099,-1.929251,-1.907427
B0172,-0.299179,0.0,-0.196733,-3.443639,-1.493943
B0173,-2.341823,-0.558851,0.086577,-0.500184,-1.445533
B0174,-3.020687,-0.015465,-0.566553,0.024579,-1.59775
B0175,-2.296479,0.704476,-0.193044,0.421954,-0.7107059999999999
B0176,-1.416461,-0.804583,-0.051308,0.896585,-1.812141
B0177,-2.11921,0.373355,-0.523383,0.731818,0.494613
B0178,-1.662518,-0.75207,-0.376572,-0.416408,-2.397287
B0179,-4.215187,-0.111042,-0.315439,-0.070121,-3.083956
B0180,-1.068292,0.547611,0.342892,0.120189,-2.444819
B0181,-0.904497,-0.074115,-0.10358,0.997368,-2.433352
B0182,0.521349,-0.615308,0.414695,1.16669,-1.00893
B0183,0.668655,-0.09930799999999999,0.251916,0.996551,0.0
B0184,0.114007,-0.410398,0.389984,0.698643,-1.925445
B0185,-3.750375,0.245167,-0.17476,-0.847509,-2.421068
B0186,0.0,0.663538,0.361286,0.318979,0.0
B0188,-1.574517,0.0,0.010871,0.369497,-1.10059
B0190,-1.489329,0.0,0.428744,-0.667552,0.0
B0191,-1.193396,0.0,0.790454,0.431798,0.0
B0192,-1.118673,0.0,-0.02125,1.202365,0.0
B0194,-3.680557,0.06555,-0.118991,-1.935644,-1.985015
B0196,-2.406895,0.0,-0.369136,-0.890273,-1.474494
B0197,-3.101223,-0.270247,0.134265,-0.7954909999999999,0.788376
B0198,-1.284161,-1.002771,0.434997,-0.302516,0.0
B0199,-1.776405,-0.252814,0.364482,0.848942,1.529243
B0200,-2.651123,0.137289,-0.224983,-0.223359,0.319302
B0209,2.191729,0.008874,-0.729947,0.350034,-0.893633
B0210,3.073236,0.0,0.0,0.487059,-0.681266
B0211,0.842831,0.0,1.404225,0.842412,-1.070371
B0212,-1.457016,0.0,0.238309,-0.532326,-0.604795
B0214,0.0,0.204536,0.034717,-0.360855,-0.489105
B0215,-1.899589,0.0,-0.56295,-2.304289,0.0
B0220,0.777931,0.275338,-0.284179,3.836673,-0.035525
B0222,-1.84229,0.07882400000000001,-0.191256,-0.812228,-0.990421
B0223,-2.386109,0.081733,-0.530944,-0.63387,-2.311023
B0224,-3.926785,0.033787,-0.402573,-1.669953,-1.357034
B0225,0.0,-0.138525,0.0,0.701335,-0.994372
B0226,-1.01606,0.0,0.496703,0.379498,-0.527361
B0231,0.605593,-0.6178090000000001,0.025748,0.155337,0.0
B0237,-4.84496,0.234078,0.232653,-1.326211,-3.273533
B0238,-2.107451,-0.032777,0.7553,-1.682663,-1.941724
B0239,-2.783035,-0.558794,-0.021547,-0.664065,-2.027162
B0240,-1.881533,0.147619,-2.712036,-0.349189,-1.953312
B0242,-0.932839,-0.237348,0.291381,-0.243674,-2.858696
B0243,-0.907274,-0.006581,-0.047679,-0.172376,-2.241221
B0248,0.0,0.0,0.291465,0.029583,0.0
B0250,0.5708490000000001,-0.939572,-0.221406,0.125856,0.0
B0256,-1.593721,0.3886,0.374377,-0.111229,-0.882043
B0258,0.076006,0.0,-0.14913,-0.367951,0.0
B0259,0.123975,-0.122799,0.441322,-0.652409,-0.397196
B0261,0.0,-0.45917,-0.284964,-0.244286,2.359726
B0264,0.505611,0.0,-0.156537,-0.5007779999999999,-1.098777
B0265,-1.505454,0.403486,0.071816,0.346751,-0.565941
B0272,0.635567,-0.009813000000000001,-0.263991,0.333738,-1.769457
B0273,-1.40639,0.0,-1.289325,1.836836,-0.816705
B0274,0.283383,-0.050273,-0.038034,-0.761877,-1.707735
B0275,-1.483115,0.0,0.160409,0.306741,0.0
B0278,0.0,0.0,0.0,0.208495,0.0
B0280,-2.72346,0.166845,-0.116612,1.348862,0.0
B0286,0.0,0.364492,0.377328,1.096643,0.0
B0287,-2.637846,1.368269,0.358141,0.458404,-3.675702
B0289,1.086968,-0.004782,0.243379,1.576739,0.0
B0290,-1.723866,0.098144,0.21053,0.122777,0.0
B0296,-4.762906,0.0,-5.212542,0.106978,0.0
B0299,-0.211566,-0.269568,0.085268,-1.038642,0.0
B0305,0.0,-0.641239,-0.298275,2.489814,0.0
B0306,-0.08863500000000001,0.004141,0.18994,-0.677047,0.0
B0307,0.0,-0.442927,0.672726,-0.608352,0.0
B0308,1.676205,0.0,0.014604,0.276209,0.0
B0311,0.0,0.79505,-0.843952,2.128504,-0.697585
B0312,-0.90532,0.395532,-0.985215,2.084709,-1.841176
B0313,0.0,-0.001127,-1.0962,2.240465,0.0
B0315,4.815341,-0.579006,-0.706505,1.058944,0.0
B0324,1.034785,0.160421,-0.072507,0.541548,-1.509725
B0325,-1.130569,0.128216,-0.069286,0.7387860000000001,-1.056423
B0330,0.337117,-0.262004,0.410907,-0.531792,1.591368
B0333,-1.096534,-0.152668,-0.419844,-1.682946,0.0
B0334,1.450177,-0.421111,1.068436,-0.158348,-0.872843
B0336,-0.059752,0.0,-0.102284,-1.598903,-0.848749
B0337,-1.221804,-0.342784,-0.026022,-2.031329,-2.130634
B0344,0.0,3.857141,0.0,0.0,0.0
B0345,-1.994716,0.165001,-0.175598,-0.789055,3.14913
B0346,0.0,0.167035,-0.848055,-1.22389,4.609589
B0352,0.0,0.0,0.08057,0.096362,0.0
B0353,0.009671000000000001,0.078499,-0.976373,1.145374,0.459241
B0354,-2.794853,0.070034,0.028725,-0.258777,-0.196331
B0355,0.105756,-0.008662,-1.054509,-0.503675,-0.342986
B0356,1.627725,0.309944,-0.333321,0.118256,-0.918265
B0357,1.794105,0.372325,-0.540395,-0.236832,0.0
B0361,-0.35675,-0.158465,0.030765,0.0522,-2.091955
B0369,-3.069036,-0.001322,-0.313364,0.0279,-2.250235
B0370,0.0,0.0,-0.301868,2.322116,0.0
B0372,0.563559,-0.239008,0.27471,-0.749735,-0.6282
B0373,0.0,-0.794454,0.03673,0.115373,0.0
B0376,-1.62488,-0.462706,-0.396242,-0.612744,-1.558703
B0377,-1.082692,0.0,0.144303,0.2945,0.0
B0380,0.0,0.006092,0.0,-0.361129,0.0
B0381,-0.256903,-0.7658509999999999,0.782834,-0.813447,-0.405455
B0382,0.0,0.137322,-2.859336,-0.43807,0.0
B0383,2.288254,-0.408437,-1.031257,-0.207159,0.0
B0385,0.0,0.0,-0.636443,0.009582,0.0
B0386,-2.757125,0.993723,-0.365263,-0.513486,-1.213835
B0387,-1.504038,-0.21602,0.1458,-0.932794,0.0
B0388,-1.33865,0.142612,2.04775,-0.307465,-1.439384
B0389,0.0,0.0,1.935107,-0.185787,-1.585499
B0390,-1.657504,0.0,1.068542,-2.392975,-1.360298
B0391,-3.12275,-0.368916,-0.11295,-0.228539,-1.093322
B0393,-1.635693,-0.292667,-0.256836,-1.098287,0.0
B0394,-1.849194,-0.639031,0.69579,-0.413585,2.211731
B0398,4.592093,0.0,0.0,-0.163831,0.0
B0399,4.573537,-0.274805,0.750831,1.345739,0.0
B0400,3.749371,-0.947805,0.533818,1.992348,0.0
B0401,-1.01428,-0.012502,1.333468,0.840789,-3.567909
B0402,0.12586,-0.270253,0.608405,0.275067,-1.31123
B0403,0.43765,0.351988,-0.152851,0.809582,-1.766033
B0405,-2.150611,0.240252,0.28179,0.52106,-1.495322
B0406,-0.13396,-0.278938,0.663194,-0.40185,-1.641385
B0407,-0.931137,-0.552825,0.280527,-0.560822,-2.810756
B0408,-1.568108,-0.386706,0.220476,0.080375,-2.332017
B0409,-0.059931,0.0,0.280331,0.163743,-1.71604
B0411,-2.792149,-0.464404,0.42896,-1.818555,-1.400604
B0413,-0.663129,-0.195758,-0.06920800000000001,0.324399,-1.096052
B0414,0.089668,-0.238613,-0.201952,0.304727,-0.607506
B0415,0.999308,0.0,-0.036211,-1.020437,-1.742415
B0416,1.588427,-0.148821,-0.114442,-0.550087,-0.909281
B0417,-0.968953,-0.31366,-0.056608,-0.75091,0.0
B0418,-0.070245,0.0,0.310712,0.044145,-0.59067
B0419,-3.000751,-0.218761,0.383416,-0.546146,2.091429
B0420,-3.138346,-0.247716,0.082188,0.140523,-0.93082
B0421,-2.851236,-0.254966,0.08561299999999999,-0.091071,-1.968785
B0422,-2.825589,-0.046242,0.065805,-0.045009,0.201134
B0423,-2.717161,-0.122208,0.662818,-1.55553,-0.512453
B0424,-2.263395,0.002089,-0.405696,0.453323,-1.631384
B0425,-2.709812,0.0,-0.130257,0.630537,-1.590025
B0426,-0.037868,0.570472,0.017493,0.013356,-2.954315
B0427,1.015722,0.701614,-0.289996,0.157551,0.0
B0428,0.0,-0.386044,-3.425953,-0.829407,-0.245049
B0429,0.0,0.7585,-3.702942,-0.718208,-0.44961
B0430,3.69712,-0.020913,-1.74243,-0.06077,0.117544
B0431,1.099996,-0.124403,-5.141201,-0.123805,-0.692076
B0432,0.0,0.033308,-5.164516,-0.175257,-0.4752
B0433,-2.019366,-0.028681,-0.254331,0.153237,-0.976706
B0434,-4.242962,0.010218,0.018802,-0.06973,-2.098323
B0435,1.576666,-0.111843,0.048654,-2.021071,-0.8138
B0436,-0.241478,0.06954299999999999,0.553747,-0.713257,-4.003488
B0437,0.989717,-0.06496200000000001,0.377046,0.016932,-0.301449
B0438,1.434702,-0.333056,0.330859,0.655569,-0.564661
B0439,3.160552,-0.067431,0.704923,0.700993,0.657148
B0440,0.452796,0.059434,0.55182,-0.683238,-0.426933
B0442,0.0,0.683593,0.0,2.161565,2.190823
B0444,-1.567306,0.079703,-0.611842,-0.422855,1.668292
B0445,0.0,-0.225254,-0.052085,-0.425857,3.408883
B0449,-0.843235,0.03691,-0.260624,1.095458,0.0
B0452,-1.632242,0.0,-0.338994,0.410276,-1.001184
B0454,-1.386041,0.115597,0.0,0.732228,-1.007964
B0457,0.0,0.158308,-0.6252760000000001,-2.094525,0.0
B0458,0.0,0.053722,-0.837296,-0.37228,1.45934
B0459,0.0,0.117009,0.0,-0.674363,0.0
B0460,-1.72953,0.446288,-0.29082,0.421602,-1.462556
B0461,0.0,0.32502,-0.3304,0.179425,0.0
B0464,0.271529,0.0,0.536647,0.663666,0.0
B0467,-1.374209,0.0,0.077046,0.393062,0.0
B0469,0.119677,-0.224386,0.935131,-0.736263,-1.287518
B0471,-3.33308,-0.242842,0.034745,-0.57616,-2.938939
B0472,-1.075363,-0.444067,-0.055195,-0.226124,-2.277346
B0474,-1.756423,0.273199,0.207677,-2.000423,-2.998025
B0475,0.0,-0.897024,0.0,-0.342179,0.0
B0477,-2.057502,1.05948,0.466691,0.411883,-0.876536
B0478,-2.332814,-1.054355,1.177035,-0.264305,-0.794883
B0479,-1.743593,0.28323,-0.07479,0.818042,0.0
B0480,0.054259,0.300779,0.175148,0.398583,0.948895
B0481,-1.037093,0.0,-0.047221,-0.323453,0.0
B0482,1.183142,-0.509363,-0.216094,0.088157,0.0
B0483,-1.1775,-0.91229,-0.049813,-0.250826,0.0
B0484,-0.127109,0.342669,-2.97324,1.702834,-0.9856009999999999
B0485,0.10905,-0.029916,-1.0698,2.493289,0.0
B0487,-1.264789,0.145359,-0.673592,0.533502,-0.854135
B0489,1.029879,-0.632594,-0.175499,0.757049,0.0
B0490,-0.992698,-0.143664,-0.010864,0.103076,0.0
B0492,2.68668,0.07369000000000001,0.117679,1.169996,1.388486
B0493,-2.399046,0.13947,-0.120961,1.001949,-0.908981
B0494,-1.975777,0.468917,-0.23881,1.611908,-1.143446
B0503,0.258362,-0.481717,0.733013,-0.423014,0.0
B0506,-1.406005,0.257673,-0.597718,0.482476,-1.479942
B0512,0.0,0.0,0.0,0.511606,0.0
B0514,0.688766,0.0,0.043657,0.451853,-0.604795
B0522,-0.981214,0.23988,0.380834,-1.829484,-2.447672
B0523,-0.490759,0.0,0.678418,-1.686039,-1.898073
B0524,-1.199822,0.09303500000000001,-0.763166,-0.241256,-1.01086
B0525,-4.653732,0.489368,0.141174,-1.844806,-2.541783
B0526,-0.225504,0.604583,0.547275,-1.084105,-1.378073
B0529,0.05858,0.155214,0.27638,-1.411996,-1.400887
B0537,-0.172874,-0.113803,0.42384,-1.016965,-0.547694
B0541,-1.795046,-0.272271,0.302037,-1.254718,-0.872295
B0552,0.132702,0.12094,0.292258,0.003924,-0.07448
B0553,-0.158677,0.473133,0.624644,-1.195332,0.505565
B0557,-0.952043,-0.214973,1.869879,-2.510519,-0.8754769999999999
B0564,1.200114,0.0,0.775863,0.0,0.0
B0568,3.058012,-0.065191,0.311501,0.265611,0.0
B0569,0.0,0.0,0.0,0.198084,0.0
B0570,-0.983247,0.0,0.489738,0.677254,0.0
B0571,1.168615,0.35284,-0.082048,0.35735,0.0
B0572,0.378162,0.0,-0.591774,-0.128856,0.0
B0573,0.0,0.0,-0.949047,-0.296921,0.0
B0575,1.486744,0.0,0.0,0.305235,0.0
B0576,0.0,-0.09388199999999999,0.460053,1.57192,0.0
B0577,-2.223812,0.089341,-0.503995,2.324441,-0.982619
B0578,-1.159329,0.130556,0.018274,-0.264882,-2.732508
B0582,3.125544,-0.293995,0.656982,-0.437243,-1.273734
B0584,1.448987,-0.776382,0.787208,0.267609,-2.491139
B0585,0.235547,0.193533,0.350057,-0.984565,-1.34774
B0590,0.0,0.0,0.070855,0.168313,-1.281749
B0591,0.0,-1.681777,0.0,-0.327913,-0.519248
B0592,0.0,0.015785,0.256304,0.31912,-2.124853
B0593,0.0,0.0,0.0,0.0,-3.251256
B0594,0.0,-0.100557,-0.036485,0.120176,-1.494765
B0595,0.0,0.0,0.0,0.0,-2.993884
B0596,0.0,-0.46527,0.0,-0.089641,-2.703266
B0598,0.0,-0.991236,-1.15021,-2.55055,4.563932
B0599,0.931911,-0.633059,0.07542699999999999,-0.559318,3.262038
B0600,0.870783,0.0,0.500606,-0.019041,0.0
B0604,-1.845845,0.0,-0.702606,0.255818,-0.647601
B0605,1.383028,0.096623,-1.01266,0.840247,-0.465046
B0606,-1.939106,-0.110631,-0.660139,0.017987,-0.273486
B0607,1.751275,-0.405378,0.097413,0.134793,0.0
B0609,-2.481917,-0.54291,0.0,-1.015783,-0.490489
B0610,-0.571338,-0.456153,0.0,-0.462287,-0.6177820000000001
B0611,-2.805043,0.705191,0.1872,-0.405847,-1.575101
B0612,2.138761,-0.594754,-0.391728,0.789479,0.0
B0613,0.0,-0.254643,0.09371400000000001,1.330398,0.0
B0620,0.937983,0.0,0.6036899999999999,-0.056326,-0.622575
B0621,-3.732655,-0.670212,0.924118,0.000381,-1.502199
B0624,0.800268,0.0,0.47619,-0.156536,0.0
B0627,0.602719,0.0,0.232677,0.572752,0.370958
B0628,-2.86949,-0.3676,-0.250892,0.441044,-0.296024
B0632,-1.778477,-0.025259,0.215499,-0.02933,-2.183745
B0633,-0.7178639999999999,-0.484555,-0.226266,-0.498015,-2.411968
B0634,-1.432421,0.346902,-0.045032,0.914436,-0.773442
B0635,-2.218356,-0.201292,-0.305348,1.202566,-1.604156
B0636,-1.581693,-0.394931,-1.037118,0.493381,-1.490489
B0638,0.0,0.0,0.0,0.060583,0.0
B0639,-1.408409,0.29593,-0.086753,0.041067,-1.214673
B0640,-0.124466,0.042017,-0.270783,0.264067,-2.320002
B0641,-3.076674,-0.745638,-0.333702,-0.163466,-1.940712
B0642,-2.299191,0.001558,-0.324568,-0.32541,-1.754913
B0643,1.2423,-0.25027,0.0,0.265212,3.512955
B0650,1.568771,-0.129599,-0.029851,0.065292,0.0
B0651,-0.889505,-0.035538,0.0,-2.388395,-0.000026
B0652,-2.076674,0.0,-1.205976,-0.093305,-0.80604
B0653,-1.475913,0.0,-0.220446,0.118397,0.0
B0654,-1.999747,-1.580747,0.0,0.264757,0.362902
B0655,-3.299474,-0.312652,-2.12631,0.101468,1.623082
B0656,-0.638189,-0.095973,0.298953,-0.109397,-0.274134
B0657,-1.080161,-0.231207,0.161297,-0.281927,-0.948789
B0658,0.993099,-0.611283,0.172611,-0.196049,-0.000534
B0659,1.350523,-0.414765,0.5325220000000001,0.245143,-0.5724900000000001
B0660,2.783112,-0.413286,0.535344,0.288032,0.129562
B0661,-0.790868,-0.197078,0.242861,-1.113015,-1.201213
B0662,-1.660472,-0.221293,0.62999,-0.7565539999999999,0.0
B0663,0.799999,-0.991146,-0.320087,-1.42986,-2.658415
B0667,0.500003,-1.16571,-0.22591,-0.446063,-1.031922
B0674,-3.863615,-0.018501,-0.463158,0.097175,-3.91234
B0675,-2.815543,0.0,0.113953,-0.599181,-1.139041
B0676,-3.23381,-1.15874,0.324672,0.166113,-2.45123
B0677,-2.58214,-0.51754,0.128811,-0.802043,0.0
B0678,-0.957276,0.0,-0.160105,-1.036281,0.5936360000000001
B0679,0.7805879999999999,-1.264202,0.628616,-1.332268,0.985612
B0680,0.364774,-0.044647,-0.006142,-0.620059,-1.185224
B0681,0.0,0.071148,-0.735007,-0.223452,0.0
B0683,-2.026021,0.436721,-0.588192,0.477145,1.071813
B0684,-0.559369,1.019812,-0.020191,0.501308,-1.556723
B0685,-1.260324,0.087967,0.724866,-0.648357,0.0
B0686,-1.473022,0.0,0.210545,-0.172371,0.0
B0687,-2.274077,-0.031235,0.005915,-0.247865,0.349819
B0688,-1.287281,0.339702,-0.493434,0.074395,0.946735
B0695,1.741848,-0.653929,0.613463,2.726316,-0.8605699999999999
B0697,2.03193,-1.192085,0.5405219999999999,3.040231,0.0
B0700,0.3221,0.108381,0.200754,0.421751,0.049425
B0703,2.37107,-0.635798,0.421274,0.309237,0.0
B0705,0.0,1.304921,-0.297956,0.674279,0.0
B0709,-1.245717,0.0,0.5589730000000001,0.306353,0.0
B0710,-3.304633,0.0,-0.164588,0.085522,-1.704161
B0711,0.423385,0.0,0.028166,0.21851,-0.560681
B0712,0.604031,-0.563575,-0.284667,0.24597,-1.470993
B0713,-0.79466,-0.257894,0.238703,0.003582,0.0
B0714,0.0,0.0,-0.009851,0.5321939999999999,-0.640139
B0715,-1.368516,-0.232575,0.80389,-0.279817,-0.870171
B0720,-3.862327,1.017428,-2.914634,-0.251823,1.450696
B0723,0.0,0.316773,-4.577503,-1.725254,1.643556
B0724,0.0,0.026359,-3.351769,-2.400752,1.112056
B0725,0.0,0.821009,-2.681519,-1.077243,1.704706
B0726,-1.446641,0.687921,-2.94229,-0.004049,1.510211
B0727,-0.856719,0.120269,-2.482435,0.113672,0.781871
B0728,0.127559,0.586015,-2.434887,0.599928,1.323551
B0729,-0.14014,0.270135,-2.459547,1.77052,1.04807
B0733,0.82203,-1.096042,0.532585,-0.77114,-1.640547
B0734,0.964438,-0.736007,0.027638,-0.9408840000000001,-0.707816
B0735,0.053973,0.0,-0.470078,0.653573,-1.919293
B0736,-2.067439,0.0,-0.56059,-0.200354,-0.620049
B0737,-0.8103320000000001,0.298466,-0.106126,-0.5400199999999999,-0.953086
B0738,-1.49119,0.0,-0.292032,-2.013863,0.0
B0739,-0.728892,0.0,-0.024858,-0.217971,-1.262597
B0740,-3.92705,0.0,-0.378072,-0.129768,-2.443748
B0741,0.000367,0.09324,-0.205402,-0.710233,-2.954817
B0742,-1.711233,0.376456,-0.649492,-0.205787,-4.000941
B0750,-4.275407,-0.721565,-1.069776,-0.016505,-2.671895
B0751,-3.32,0.0,-1.066992,0.686229,-0.114851
B0752,-1.801975,-1.019206,-0.356271,0.539373,-0.516534
B0753,0.0,-0.923295,0.0,2.131215,0.0
B0754,-5.342714,0.527703,0.534354,0.456306,-2.608672
B0755,1.175784,0.788537,-2.8748,0.207234,0.504118
B0756,-1.500256,1.043179,-0.090022,1.368263,0.844774
B0758,-1.113961,-0.991322,-0.102858,0.000335,0.994339
B0759,-0.00035,-1.421275,0.183434,-0.444817,-1.556062
B0760,1.433499,-0.449275,-1.103323,-0.292842,-0.696387
B0761,-0.194181,-0.034239,0.302716,0.078155,-1.202058
B0763,-0.569957,-0.275323,1.319359,0.530964,2.658861
B0764,-0.07231,0.0,0.0,1.118068,0.0
B0765,-2.96707,0.0,1.162446,0.671297,1.852982
B0766,-1.606969,0.162897,-0.340778,0.114189,-1.423968
B0767,-3.247269,0.0,-0.473028,-0.08447399999999999,0.744727
B0772,-2.33308,0.183726,-0.215874,-1.098724,-1.548774
B0774,2.105515,0.0,0.205492,0.914388,-1.291374
B0775,0.0,0.0,-0.654763,-0.837274,-2.979912
B0776,0.0,0.0,-0.654763,0.0,-2.623522
B0777,0.0,-1.633989,0.0,0.267633,-2.365964
B0778,0.0,0.0,-0.390246,2.533931,-2.642008
B0779,-0.12097,0.040275,0.114545,0.496895,-0.347586
B0780,-0.111345,-0.161063,0.464837,-0.391528,0.0
B0781,-2.469883,0.992552,-0.078196,1.182595,-1.702967
B0782,1.076031,1.460052,-0.992557,1.706568,-1.483556
B0783,0.958215,1.199472,-0.797485,0.978542,-1.401339
B0784,1.431231,-0.160492,-0.478209,2.594039,-0.684344
B0785,1.182807,0.099746,-0.205316,0.464236,-2.055488
B0786,-2.502621,0.0,0.527891,-0.419013,0.0
B0794,-1.498836,-0.154902,0.009348,3.635393,1.112139
B0795,-1.742793,0.0,0.0,3.668652,0.0
B0797,-2.589278,-0.187499,0.938785,0.075428,-1.367848
B0799,0.713503,0.02231,0.288706,0.586082,-1.461145
B0801,-2.013409,0.110399,-1.441103,1.166229,-2.633578
B0805,0.0,-0.25048,0.453792,0.799625,-4.035363
B0807,0.980376,0.645374,0.172733,0.121419,-0.765462
B0808,-1.978158,-0.06832199999999999,0.24429,0.747007,0.0
B0809,-0.5136039999999999,-0.375058,-1.062973,0.027726,-2.407213
B0810,1.124059,0.0,-1.618166,0.414849,-0.756244
B0811,1.430326,0.35281,-0.981024,0.365716,-0.366677
B0812,1.425026,0.187027,0.02588,2.034509,1.574004
B0814,-0.545323,0.482154,1.096015,-0.493448,-3.498249
B0820,-3.788569,0.021455,-0.04138,0.210288,-1.745896
B0823,1.637984,0.0,0.32726,0.420871,0.0
B0826,-1.981892,0.129843,0.0,-0.07091699999999999,0.0
B0827,-3.03644,-0.247982,0.266444,-0.510825,-1.148714
B0828,-2.361238,0.065842,-0.330876,-0.104483,-3.202269
B0829,-2.665968,-0.230863,-0.765468,-0.115418,-2.766319
B0830,-2.240343,0.047294,-0.416609,-0.156903,-2.20079
B0831,0.206112,0.025566,-0.822782,-0.352654,-0.517892
B0832,-1.3513,0.0,-0.004968,0.258591,0.0
B0835,-1.566854,0.0,0.095733,-1.835144,-0.527361
B0836,1.135402,-0.690308,1.231826,0.386978,1.483695
B0837,0.0,-0.116161,0.600179,-0.081982,0.0
B0838,-2.666812,0.221998,-0.623058,-0.776104,-1.193586
B0839,-2.272292,0.266521,-0.391161,0.788317,-1.043282
B0840,-2.187529,0.284831,-0.185298,1.138968,-2.35423
B0844,0.622173,-0.173572,0.282617,1.884238,-0.504255
B0845,-0.23157,0.012711,-0.5763779999999999,1.175784,0.546892
B0846,0.0,0.386653,0.0,2.814957,0.0
B0847,-1.606969,-0.208617,-0.456034,0.496029,-1.181642
B0848,-1.623142,-0.715813,0.672726,-0.048881,0.0
B0850,0.0,1.083868,0.454483,1.249594,0.0
B0851,-0.164756,-0.037416,-0.200893,1.97555,-1.443391
B0853,-2.537865,-0.13795,-0.087755,-0.055105,-0.8280999999999999
B0854,0.0,0.368367,-3.090653,0.146913,-1.163538
B0857,2.429491,0.0,0.0,0.579829,0.0
B0860,-1.371107,0.0,-0.440964,0.0,-0.122386
B0861,0.752028,0.0,0.0,0.703982,-0.268098
B0863,-1.648563,0.0,0.672591,2.298225,-0.832472
B0864,-2.065521,0.0,0.910861,0.390465,-1.147838
B0866,-2.027928,0.0,0.186442,0.0,0.0
B0867,-2.59638,0.07228,0.262736,0.500468,-0.647601
B0868,-1.783035,0.331245,0.024494,-0.097124,-0.969777
B0869,-3.081744,0.085775,0.055361,0.177298,-1.367516
B0870,-2.892033,-0.051736,-0.267094,-0.399693,-1.338179
B0872,1.26487,0.0,0.0,0.321262,0.0
B0873,-0.853646,0.044975,0.423539,-0.404099,0.0
B0876,-1.967584,-0.136144,-0.361043,0.411813,1.569797
B0877,-0.625251,0.459711,0.269104,-0.270371,-1.117706
B0878,-1.497888,0.155044,-0.584739,0.996572,-0.821518
B0879,3.044355,0.322887,0.038477,1.259515,-0.759735
B0880,3.071576,0.457192,-0.175149,0.973262,3.825789
B0881,2.145909,0.5602009999999999,-0.51718,1.207757,0.017669
B0882,1.856039,0.374911,-0.902551,0.386027,0.933833
B0884,0.04592,0.0,0.015241,-3.23803,-2.352328
B0885,-0.959344,-0.15919,-0.537695,-0.007726,-1.011824
B0886,-2.330686,0.00147,-0.355508,0.479269,-1.603517
B0887,-2.434652,-0.171961,-0.199227,0.287293,-1.971265
B0888,-0.242008,-1.28771,-0.903979,-1.247839,-3.199099
B0891,-1.097303,0.199534,0.034605,1.679165,-1.989486
B0892,-1.350261,-0.110949,-0.340937,1.857374,-2.591638
B0893,-2.4068,-0.532776,0.157289,-0.667944,-1.535091
B0894,-4.623197,-1.063212,4.251244,-1.241984,-1.26729
B0895,-0.223599,-1.05112,2.422995,0.6225850000000001,-0.492363
B0896,-2.768174,-1.340237,1.777743,-0.09932199999999999,0.0
B0902,-1.256509,-0.621864,0.121656,-0.293664,-1.322724
B0903,-0.593243,-0.470221,1.329718,-0.01338,-1.503746
B0904,-0.918764,0.045317,3.363957,0.8173,-3.812694
B0905,-0.975308,-0.218207,0.117542,-1.59045,-0.689173
B0907,-5.09892,0.344199,-1.171491,-0.246051,-4.477986
B0908,-2.198513,0.307999,-0.718732,0.373283,-3.438918
B0910,-1.112061,0.8691489999999999,-0.316415,-0.021458,-1.18848
B0911,0.645428,0.369249,0.232791,-0.286574,-4.099797
B0912,-0.7471410000000001,0.31801,0.439098,-0.569877,0.544301
B0913,0.0,0.437433,0.038191,0.139989,0.0
B0914,-1.57006,0.0,0.530859,0.791009,-1.61747
B0915,1.328601,0.0,0.609659,0.631239,0.0
B0917,-1.370071,0.0,-0.06447,-0.944775,0.0
B0918,-2.322947,0.0,-0.260756,-1.094564,-1.564628
B0919,-2.745191,-1.714139,1.153807,-0.460939,-1.364832
B0920,-0.275902,-0.786294,0.0,-0.980824,0.0
B0921,-0.41766,-0.203851,0.483264,0.173201,-1.20459
B0922,-3.03219,-0.30997,0.034436,-0.217175,-1.392484
B0923,-2.438609,0.0,0.223626,0.061239,-0.656878
B0924,0.012797,0.13338,0.109557,0.133331,-1.118602
B0925,-2.768174,-0.320498,0.021256,0.756692,-0.662411
B0926,-3.5278,0.072939,-0.284205,-0.030464,0.166512
B0927,-2.333346,-0.353254,-0.525173,-0.487596,-0.33304
B0928,-1.232355,0.125275,-0.800689,-1.56943,-1.5474
B0929,1.377687,0.141784,0.336318,-1.409341,-0.886522
B0930,-0.531722,0.436719,0.093989,0.289326,-2.44874
B0931,-2.067317,0.36156,-0.672426,0.717269,-3.262032
B0932,-1.776626,0.543228,-0.806443,-0.073169,-0.024503
B0935,0.542199,0.036152,-0.5726290000000001,0.335364,0.0
B0945,-1.348148,0.341614,0.292276,-2.530861,-2.003609
B0946,-2.097473,0.37592,0.509135,0.378283,0.0
B0947,-3.509692,-0.162055,0.114567,-0.778492,-1.276945
B0948,-0.642184,0.03343,0.404234,-0.487254,-1.074785
B0949,-2.723257,-0.869126,0.144593,-1.064872,-1.222189
B0950,0.0,0.0,0.0,-0.300297,0.0
B0951,-1.340237,0.013478,-0.037467,-0.443136,0.0
B0953,1.905891,0.0,-1.568125,2.661622,2.164549
B0954,-0.671526,-0.501305,1.124398,0.45907,-1.645739
B0955,-3.047009,-1.278828,0.156598,-0.969481,-1.810479
B0957,1.531531,0.051373,1.108212,-0.146715,-2.200471
B0958,-1.663434,0.0,-0.676831,-0.435207,0.0
B0959,1.339949,0.0,-0.182066,0.0,0.0
B0960,-1.200127,-0.146071,-0.472534,0.437549,-0.628873
B0962,0.300658,-0.640474,0.250996,0.268322,-1.854135
B0963,-3.609494,-0.717819,0.038921,-1.229272,0.569751
B0965,-1.816874,0.102053,-0.62432,-0.022521,-1.418889
B0966,5.37674,0.0,0.368338,0.329391,1.659209
B0967,-2.482397,-0.164312,-0.224741,-0.718621,-1.654408
B0969,-1.143355,0.0,0.060548,1.157056,-0.903797
B0970,-2.495439,0.114124,-1.788349,0.519269,-2.405747
B0972,-1.571367,0.0,3.738705,-0.520898,0.0
B0973,-1.251352,0.0,3.413987,-0.408986,1.208077
B0978,-0.109473,-0.307008,0.838384,0.017907,1.481999
B0979,0.363938,0.0,0.589435,0.02864,0.0
B0981,0.0,-1.173572,0.119328,0.184461,0.0
