bnumber,heat_shock,IPTG,anaerobic,NaCL,log_phase
B0001,1.100013,0.0,0.0,0.0,0.0
B0002,-0.770595,-0.086413,-2.56844,0.548122,-3.668384
B0003,-2.952614,0.0,-2.300055,0.571622,-2.83547
B0004,-0.770675,-0.468995,-2.635671,0.07682700000000001,-3.266078
B0006,-1.415956,0.792528,-0.431367,0.408657,-1.801588
B0008,-1.533076,0.091894,-0.72745,-0.292091,-0.34618
B0009,1.204515,-0.358445,-0.164691,-0.351165,0.0
B0010,0.0,0.023835,0.499822,0.8601529999999999,0.0
B0014,5.129847,-0.559932,2.606928,2.072777,4.997448
